chr_num	chr_length	cent_start	cent_end	chr_name	val_to_add	new_centromere	new_cent_start	new_cent_end	midpoint
1	248956422	121700000	125100000	chr1	0	123400000	121700000	125100000	124478211
2	242193529	91800000	9.6e+07	chr2	248956422	342856422	340756422	344956422	370053186.5
3	198295559	87800000	9.4e+07	chr3	491149951	582049951	578949951	585149951	590297730.5
4	190214555	48200000	51800000	chr4	689445510	739445510	737645510	741245510	784552787.5
5	181538259	46100000	51400000	chr5	879660065	928410065	925760065	931060065	970429194.5
6	170805979	58500000	62600000	chr6	1061198324	1121748324	1119698324	1123798324	1146601313.5
7	159345973	58100000	62100000	chr7	1232004303	1292104303	1290104303	1294104303	1311677289.5
8	145138636	43200000	47200000	chr8	1391350276	1436550276	1434550276	1438550276	1463919594
9	138394717	42200000	45500000	chr9	1536488912	1580338912	1578688912	1581988912	1605686270.5
10	133797422	3.8e+07	41600000	chr10	1674883629	1714683629	1712883629	1716483629	1741782340
11	135086622	5.1e+07	55800000	chr11	1808681051	1862081051	1859681051	1864481051	1876224362
12	133275309	33200000	37800000	chr12	1943767673	1979267673	1976967673	1981567673	2010405327.5
13	114364328	16500000	18900000	chr13	2077042982	2094742982	2093542982	2095942982	2134225146
14	107043718	16100000	18200000	chr14	2191407310	2208557310	2207507310	2209607310	2244929169
15	101991189	17500000	20500000	chr15	2298451028	2317451028	2315951028	2318951028	2349446622.5
16	90338345	35300000	38400000	chr16	2400442217	2437292217	2435742217	2438842217	2445611389.5
17	83257441	22700000	27400000	chr17	2490780562	2515830562	2513480562	2518180562	2532409282.5
18	80373285	15400000	21500000	chr18	2574038003	2592488003	2589438003	2595538003	2614224645.5
19	58617616	24200000	28100000	chr19	2654411288	2680561288	2678611288	2682511288	2683720096
20	64444167	25700000	30400000	chr20	2713028904	2741078904	2738728904	2743428904	2745250987.5
21	46709983	10900000	1.3e+07	chr21	2777473071	2789423071	2788373071	2790473071	2800828062.5
22	50818468	13700000	17400000	chr22	2824183054	2839733054	2837883054	2841583054	2849592288
23	156040895	58100000	63800000	chrX	2875001522	2935951522	2933101522	2938801522	2953021969.5
