V1	V2	V3	V4	V5	V6	V7	V8	V9	V10	V11	V12	V13	V14	V15	V16	last_col
p1H1_AAGTCTAATA-65	1	1	1	1	1	1	1	1	1	1	1	1	1	1	1	1	1
p1F8_TGGTCCAGTC-1089	1	1	2	2	2	2	2	2	2	2	2	2	2	2	2	2	2
p3F12_TGCGAAGATC-157	1	1	2	2	3	3	3	3	3	3	3	3	3	3	3	3	3
p3F1_CCGAATCCGA-1217	1	1	2	2	4	4	4	4	4	4	4	4	4	4	4	4	4
p1H9_ACCATAGCGC-43	1	1	3	3	5	5	5	5	5	5	5	5	5	5	5	5	5
p3H10_CTCTTAGCGG-690	1	1	3	4	6	6	6	6	6	6	6	6	6	6	6	6	6
p3D8_TGATTCAACT-56	1	1	3	4	6	7	7	7	7	7	7	7	7	7	7	7	7
p1G10_ACGGTCTTGC-54	1	1	3	4	6	8	8	8	8	8	8	8	8	8	8	8	8
p3A2_AGAGGTCGCA-171	1	1	3	4	6	8	9	9	9	9	9	9	9	9	9	9	9
p3A5_ATGCTCGCAA-130	1	2	4	5	7	9	10	10	10	10	10	10	10	10	10	10	10
p3A6_TCCTTACCAA-180	1	2	4	5	8	10	11	11	11	11	11	11	11	11	11	11	11
p3F9_AACTACGGCT-60	1	2	4	5	8	11	12	12	12	12	12	12	12	12	12	12	12
p1H10_CATACGATGC-398	1	2	4	5	8	12	13	13	13	13	13	13	13	13	13	13	13
p1C8_ACGGTCTTGC-245	1	2	4	5	8	12	14	14	14	14	14	14	14	14	14	14	14
p3E5_CCTTAGTCTG-38	1	2	4	5	8	12	14	15	15	15	15	15	15	15	15	15	15
p1D9_CAAGGCTTAG-294	1	2	4	5	8	13	15	16	16	16	16	16	16	16	16	16	16
p1G5_GTCGACGGAA-230	1	2	4	5	8	13	16	17	17	17	17	17	17	17	17	17	17
p1A4_CTCTTCAAGC-297	1	2	4	5	8	13	17	18	18	18	18	18	18	18	18	18	18
p1F3_ATCTAAGCAA-84	1	2	4	5	8	13	17	18	19	19	19	19	19	19	19	19	19
p3H1_AATAATAATG-192	1	3	5	6	9	14	18	19	20	20	20	20	20	20	20	20	20
p3H12_AATATTCGAA-532	1	3	6	7	10	15	19	20	21	21	21	21	21	21	21	21	21
p3D7_AATATTCGAA-247	1	3	6	8	11	16	20	21	22	22	22	22	22	22	22	22	22
p3B1_CAAGGCTTAG-347	1	3	6	8	11	16	20	21	22	22	22	23	23	23	23	23	23
p1E2_TTCAAGAATC-100	1	3	6	8	11	16	20	21	22	22	22	23	23	23	24	24	24
p3F1_TATGGCCGCG-680	1	3	7	9	12	17	21	22	23	23	23	24	24	24	25	25	25
p3E11_CTTATCCTAC-70	1	3	7	10	13	18	22	23	24	24	24	25	25	25	26	26	26
p1B7_GCTCCATTCG-212	1	3	7	11	14	19	23	24	25	25	25	26	26	26	27	27	27
p3F12_AGCTAAGAAT-398	1	3	7	12	15	20	24	25	26	26	26	27	27	27	28	28	28
p1F9_GGAGTAAGCC-238	1	3	7	13	16	21	25	26	27	27	27	28	28	28	29	29	29
p3D3_AGCTAAGAAT-65	1	3	7	14	17	22	26	27	28	28	28	29	29	29	30	30	30
p3G4_TTATCGTATT-193	1	4	8	15	18	23	27	28	29	29	29	30	30	30	31	31	31
p3B11_GCAGCGGACT-74	1	4	8	15	18	23	28	29	30	30	30	31	31	31	32	32	32
p3D2_CCGTATCTGG-75	1	4	9	16	19	24	29	30	31	31	31	32	32	32	33	33	33
p3F9_TTCGATAACC-121	1	4	9	16	19	25	30	31	32	32	32	33	33	33	34	34	34
p1G11_CTCTTAGCGG-247	1	4	9	16	19	26	31	32	33	33	33	34	34	34	35	35	35
p1H4_GCTCCATTCG-69	1	4	9	16	19	26	32	33	34	34	34	35	35	35	36	36	36
p3E6_ACGATAAGCG-49	1	4	9	16	19	26	33	34	35	35	35	36	36	36	37	37	37
p3H4_CGCAATATCA-183	1	4	9	17	20	27	34	35	36	36	36	37	37	37	38	38	38
p1H11_AGGAGATTGA-34	1	4	9	17	21	28	35	36	37	37	37	38	38	38	39	39	39
p1H2_ACCTAGTTAG-234	1	4	9	17	22	29	36	37	38	38	38	39	39	39	40	40	40
p3H4_ACTAATTGAG-100	1	4	9	17	22	30	37	38	39	39	39	40	40	40	41	41	41
p3G3_CCGAATCCGA-276	1	4	9	17	22	31	38	39	40	40	40	41	41	41	42	42	42
